[39m            [38;2;223;22;22m⣀[38;2;251;24;24m⣠[38;2;254;25;25m⣤[38;2;241;24;24m⣶[38;2;254;25;25m⣶⣶[38;2;239;23;23m⣿[38;2;252;25;25m⣿⣿[38;2;239;23;23m⣿[38;2;254;25;25m⣶⣶[38;2;241;24;24m⣶[38;2;254;25;25m⣤[38;2;251;24;24m⣄[38;2;225;22;22m⣀            [39m
        [38;2;252;25;25m⢀[38;2;254;25;25m⣠[38;2;247;24;24m⣶[38;2;252;25;25m⣿[38;2;254;25;25m⣿⣿⣿⣿⣿⣿[38;2;250;24;24m⣿[38;2;208;20;20m⢿[38;2;254;25;25m⠻⣿⣿⣿⣿⣿⣿⣿[38;2;252;25;25m⣿[38;2;248;24;24m⣶[38;2;254;25;25m⣄[38;2;252;25;25m⡀        [39m
      [38;2;234;23;23m⣠[38;2;239;23;23m⣶[38;2;254;25;25m⣿⣿⣿⣿⣿⣿⣿⣿[38;2;252;25;25m⣿[38;2;246;24;24m⠟[38;2;113;10;10m⠡[38;2;116;12;12m⢀[38;2;0;0;0m⢀[38;2;128;13;13m⠉[38;2;254;25;25m⠻⣿⣿⣿⣿⣿⣿⣿⣿⣿[38;2;239;23;23m⣶[38;2;234;23;23m⣄      [39m
    [38;2;216;21;21m⢠[38;2;247;24;24m⣾[38;2;254;25;25m⣿⣿⣿⣿⣿⣿⣿⣿⣿[38;2;252;25;25m⠟[38;2;123;12;12m⠡[38;2;0;0;0m⢀⢀[38;2;116;12;12m⢀[38;2;0;0;0m⢀⢀⢀[38;2;147;13;13m⠉[38;2;254;25;25m⠻⣿⣿⣿⣿⣿⣿⣿⣿⣿[38;2;247;24;24m⣷[38;2;216;21;21m⡄    [39m
   [38;2;236;23;23m⣴[38;2;254;25;25m⣿⣿⣿⣿⣿⣿⣿⣿⣿⠟[38;2;127;13;13m⠡[38;2;0;0;0m⢀⢀⢀⢀[38;2;116;12;12m⢀[38;2;0;0;0m⢀⢀⢀⢀⢀[38;2;166;15;15m⠉[38;2;213;20;20m⢿[38;2;254;25;25m⣿⣿⣿⣿⣿⣿⣿⣿⣿[38;2;236;23;23m⣦   [39m
  [38;2;252;25;25m⣼[38;2;254;25;25m⣿⣿⣿⣿⣿⣿⣿⣿⠟[38;2;130;13;13m⠃[38;2;0;0;0m⢀⢀⢀⢀⢀[38;2;103;9;9m⢁[38;2;219;21;21m⣼[38;2;209;20;20m⣤[38;2;0;0;0m⢀⢀⢀⢀⢀⢀[38;2;186;15;15m⠙[38;2;232;22;22m⢿[38;2;254;25;25m⣿⣿⣿⣿⣿⣿⣿⣿[38;2;252;25;25m⣧  [39m
 [38;2;238;23;23m⣼[38;2;254;25;25m⣿⣿⣿⣿⣿⣿⣿⠟[38;2;157;14;14m⠃[38;2;0;0;0m⢀⢀⢀⢀⢀[38;2;168;13;13m⢀[38;2;226;21;21m⣴[38;2;247;24;24m⣿[38;2;254;25;25m⣿⣿⣷[38;2;200;19;19m⣤[38;2;0;0;0m⢀⢀⢀⢀⢀⢀[38;2;218;20;20m⠙[38;2;244;23;23m⢿[38;2;254;25;25m⣿⣿⣿⣿⣿⣿⣿[38;2;238;23;23m⣧ [39m
[38;2;218;21;21m⢰[38;2;254;25;25m⣿⣿⣿⣿⣿⣿[38;2;225;21;21m⣿[38;2;184;15;15m⣃[38;2;127;10;10m⣠⣠⣠⣠⣠[38;2;128;10;10m⣠[38;2;203;18;18m⣴[38;2;242;23;23m⣿[38;2;254;25;25m⣿⣿⣿⣿⣿⣿⣷[38;2;191;19;19m⣤[38;2;0;0;0m⢀⢀⢀⢀⢀⢀[38;2;178;17;17m⡙[38;2;250;24;24m⢿[38;2;254;25;25m⣿⣿⣿⣿⣿⣿[38;2;217;21;21m⡆[39m
[38;2;238;23;23m⣼[38;2;254;25;25m⣿⣿⣿⣿⣿⣿⣿⣿⣿⣿⣿⣿⠟[38;2;178;17;17m⠉[38;2;254;25;25m⣿⣿⣿⣿⣿⣿⣿⣿[38;2;244;23;23m⡿[38;2;213;19;19m⠋[38;2;0;0;0m⢀⢀⢀⢀⢀[38;2;20;1;1m⢀[38;2;188;19;19m⣡[38;2;204;20;20m⢾[38;2;254;25;25m⣿⣿⣿⣿⣿⣿[38;2;237;23;23m⣧[39m
[38;2;254;25;25m⣿⣿⣿⣿⣿⣿⣿⣿⣿⣿⣿[38;2;214;20;20m⡿[38;2;169;15;15m⠃[38;2;0;0;0m⢀[38;2;96;8;8m⢀[38;2;254;25;25m⣿⣿⣿⣿⣿⣿[38;2;252;25;25m⡿[38;2;182;18;18m⠫[38;2;0;0;0m⢀⢀⢀⢀⢀⢀[38;2;190;19;19m⣡[38;2;253;25;25m⠞[38;2;124;12;12m⠡[38;2;112;11;11m⢀[38;2;254;25;25m⣿⣿⣿⣿⣿⣿⣿[39m
[38;2;254;25;25m⣿⣿⣿⣿⣿⣿⣿⣿⣿[38;2;238;22;22m⡿[38;2;193;16;16m⠋[38;2;0;0;0m⢀⢀⢀[38;2;96;8;8m⢀[38;2;254;25;25m⣿⣿⣿⣿⣿[38;2;190;19;19m⠫[38;2;0;0;0m⢀⢀⢀⢀⢀⢀[38;2;187;18;18m⣡[38;2;254;25;25m⠞[38;2;127;13;13m⠡[38;2;0;0;0m⢀⢀[38;2;112;11;11m⢀[38;2;254;25;25m⣿⣿⣿⣿⣿⣿⣿[39m
[38;2;246;24;24m⢻[38;2;254;25;25m⣿⣿⣿⣿⣿⣿[38;2;249;24;24m⡿[38;2;175;16;16m⠫[38;2;0;0;0m⢀⢀⢀⢀⢀[38;2;139;11;11m⢀[38;2;254;25;25m⣿⣿⣿⣿⣿[38;2;0;0;0m⢀⢀⢀⢀⢀[38;2;179;17;17m⣡[38;2;247;24;24m⠞[38;2;148;13;13m⠃[38;2;0;0;0m⢀⢀⢀⢀[38;2;112;11;11m⢀[38;2;254;25;25m⣿⣿⣿⣿⣿⣿[38;2;246;24;24m⡟[39m
[38;2;241;24;24m⠸[38;2;254;25;25m⣿⣿⣿⣿⣿⣿[38;2;155;14;14m⠁[38;2;0;0;0m⢀⢀⢀⢀[38;2;48;2;2m⢀[38;2;191;19;19m⣡[38;2;235;23;23m⣿[38;2;254;25;25m⣿⣿⣿⣿⣿[38;2;0;0;0m⢀⢀⢀[38;2;220;20;20m⣠[38;2;237;22;22m⠞[38;2;167;15;15m⠃[38;2;0;0;0m⢀⢀⢀⢀⢀[38;2;127;13;13m⢁[38;2;231;23;23m⣼[38;2;254;25;25m⣿⣿⣿⣿⣿⣿[38;2;240;24;24m⠇[39m
 [38;2;252;25;25m⢻[38;2;254;25;25m⣿⣿⣿⣿⣿[38;2;155;14;14m⠁[38;2;0;0;0m⢀⢀⢀[38;2;191;19;19m⣡[38;2;254;25;25m⣾⣿⣿⣿⣿⣿⣿⣿[38;2;0;0;0m⢀[38;2;188;16;16m⣠[38;2;232;22;22m⠜[38;2;180;16;16m⠃[38;2;0;0;0m⢀⢀⢀⢀⢀[38;2;127;13;13m⢁[38;2;254;25;25m⣴⣿⣿⣿⣿⣿⣿⣿[38;2;252;25;25m⡟ [39m
 [38;2;157;15;15m⠈[38;2;243;24;24m⢿[38;2;254;25;25m⣿⣿⣿⣿[38;2;155;14;14m⠁[38;2;0;0;0m⢀[38;2;185;18;18m⣡[38;2;253;25;25m⣾[38;2;254;25;25m⣿⣿⣿⣿⣿⣿⣿⣿⣿[38;2;233;22;22m⡔[38;2;189;16;16m⠋[38;2;0;0;0m⢀⢀⢀⢀⢀[38;2;127;13;13m⢁[38;2;254;25;25m⣴⣿⣿⣿⣿⣿⣿⣿⣿[38;2;243;24;24m⡿[38;2;156;15;15m⠁ [39m
   [38;2;237;23;23m⢻[38;2;254;25;25m⣿⣿⣿[38;2;205;19;19m⣣[38;2;247;24;24m⣾[38;2;254;25;25m⣿⣿⣿⣿⣿⣿⣿⣿⣿⣿⣿[38;2;0;0;0m⢀⢀⢀⢀⢀[38;2;122;12;12m⢁[38;2;252;25;25m⣴[38;2;254;25;25m⣿⣿⣿⣿⣿⣿⣿⣿⣿[38;2;237;23;23m⡟   [39m
    [38;2;251;25;25m⠙[38;2;254;25;25m⢿⣿⣿⣿⣿⣿⣿⣿⣿⣿⣿⣿⣿⣿⣿[38;2;0;0;0m⢀⢀⢀[38;2;112;10;10m⢁[38;2;246;24;24m⣴[38;2;252;25;25m⣿[38;2;254;25;25m⣿⣿⣿⣿⣿⣿⣿⣿⡿[38;2;251;25;25m⠋    [39m
      [38;2;254;25;25m⠙[38;2;253;25;25m⢿[38;2;254;25;25m⣿⣿⣿⣿⣿⣿⣿⣿⣿⣿⣿⣿[38;2;0;0;0m⢀[38;2;185;15;15m⢀[38;2;233;22;22m⣴[38;2;249;24;24m⣿[38;2;254;25;25m⣿⣿⣿⣿⣿⣿⣿⣿[38;2;253;25;25m⡿[38;2;254;25;25m⠋      [39m
        [38;2;219;22;22m⠉[38;2;239;23;23m⠻[38;2;251;25;25m⢿[38;2;254;25;25m⣿⣿⣿⣿⣿⣿⣿⣿⣿[38;2;212;19;19m⣴[38;2;244;24;24m⣿[38;2;254;25;25m⣿⣿⣿⣿⣿⣿⣿[38;2;251;25;25m⡿[38;2;239;23;23m⠟[38;2;220;22;22m⠉        [39m
           [38;2;224;22;22m⠈[38;2;217;21;21m⠙[38;2;254;25;25m⠛[38;2;237;23;23m⠿[38;2;254;25;25m⠿[38;2;253;25;25m⢿[38;2;254;25;25m⣿⣿⣿⣿⣿⣿[38;2;253;25;25m⡿[38;2;254;25;25m⠿[38;2;237;23;23m⠿[38;2;254;25;25m⠛[38;2;218;21;21m⠋[38;2;223;22;22m⠁           [39m
